{
 "cells": [
  {
   "cell_type": "markdown",
   "metadata": {},
   "source": [
    "## Fundamental Matrix Estimation From Point Correspondences\n"
   ]
  },
  {
   "cell_type": "code",
   "execution_count": 1,
   "metadata": {
    "collapsed": true
   },
   "outputs": [],
   "source": [
    "import numpy as np\n",
    "from scipy.misc import imread\n",
    "import matplotlib.pyplot as plt\n",
    "import scipy.io as sio\n",
    "from epipolar_utils import *\n",
    "\n"
   ]
  },
  {
   "cell_type": "markdown",
   "metadata": {},
   "source": [
    "### (a) Implement the linear least-squares eight point algorithm in lls_eight_point_alg()"
   ]
  },
  {
   "cell_type": "code",
   "execution_count": 5,
   "metadata": {
    "collapsed": true
   },
   "outputs": [],
   "source": [
    "'''\n",
    "LLS_EIGHT_POINT_ALG  computes the fundamental matrix from matching points using \n",
    "linear least squares eight point algorithm\n",
    "Arguments:\n",
    "    points1 - N points in the first image that match with points2\n",
    "    points2 - N points in the second image that match with points1\n",
    "\n",
    "    Both points1 and points2 are from the get_data_from_txt_file() method\n",
    "Returns:\n",
    "    F - the fundamental matrix such that (points2)^T * F * points1 = 0\n",
    "Please see lecture notes and slides to see how the linear least squares eight\n",
    "point algorithm works\n",
    "'''\n",
    "def lls_eight_point_alg(points1, points2):\n",
    "    def get_w_raw(point1, point2):\n",
    "        return np.array([\n",
    "            point1[0] * point2[0],\n",
    "            point1[0] * point2[1],\n",
    "            point1[0],\n",
    "            point1[1] * point2[0],\n",
    "            point1[1] * point2[1],\n",
    "            point1[1],\n",
    "            point2[0],\n",
    "            point2[1],\n",
    "            1\n",
    "        ])\n",
    "    \n",
    "    W = np.zeros((points1.shape[0], 9))\n",
    "    \n",
    "    for idx in range(0, points1.shape[0]):\n",
    "        W[idx, :] = get_w_raw(points1[idx], points2[idx])\n",
    "\n",
    "    #print (\"W\\n\", W)\n",
    "    \n",
    "    U, s, V = np.linalg.svd(W)\n",
    "    print (\"U\\n\", U)\n",
    "    print (\"s\\n\", s)\n",
    "    print (\"V\\n\", V)\n",
    "    \n",
    "    F_cap = np.reshape(V[8, :], (3, 3))\n",
    "    print (\"F_cap\\n\", F_cap)\n",
    "    \n",
    "    U, s, V = np.linalg.svd(F_cap)\n",
    "    F = np.zeros_like(F_cap)\n",
    "    for i in range(0, 2):\n",
    "        F = F + s[i] * np.outer(U[:,i], V[i, :])\n",
    "\n",
    "    return F"
   ]
  },
  {
   "cell_type": "markdown",
   "metadata": {},
   "source": [
    "### (b) Implement the normalized eight point algorithm in normalized_eight_point_alg()"
   ]
  },
  {
   "cell_type": "code",
   "execution_count": 6,
   "metadata": {
    "collapsed": true
   },
   "outputs": [],
   "source": [
    "'''\n",
    "NORMALIZED_EIGHT_POINT_ALG  computes the fundamental matrix from matching points\n",
    "using the normalized eight point algorithm\n",
    "Arguments:\n",
    "    points1 - N points in the first image that match with points2\n",
    "    points2 - N points in the second image that match with points1\n",
    "\n",
    "    Both points1 and points2 are from the get_data_from_txt_file() method\n",
    "Returns:\n",
    "    F - the fundamental matrix such that (points2)^T * F * points1 = 0\n",
    "Please see lecture notes and slides to see how the normalized eight\n",
    "point algorithm works\n",
    "'''\n",
    "def normalized_eight_point_alg(points1, points2):\n",
    "    \n",
    "    def get_normalization_matrix(points):\n",
    "        mean = np.mean(points, axis = 0)\n",
    "        #print (mean)\n",
    "        dist = points - mean\n",
    "        #print (\"Dist\\n\", dist)\n",
    "        #print (\"Dist.shape\\n\", dist.shape)\n",
    "        mean_dist = np.mean(np.sqrt(np.diag(np.dot(dist, dist.T))))\n",
    "        #print (\"Mean_dist\\n\", mean_dist)\n",
    "        #print (\"Mean_dist.shape\\n\", mean_dist.shape)\n",
    "        T = np.zeros((3, 3))\n",
    "        T[0][0] = (np.sqrt(2) / mean_dist)\n",
    "        T[0][2] = -1 * mean[0] * (np.sqrt(2) / mean_dist)\n",
    "        T[1][1] = (np.sqrt(2) / mean_dist)\n",
    "        T[1][2] = -1 * mean[1] * (np.sqrt(2) / mean_dist)\n",
    "        T[2, :] = [0, 0, 1]\n",
    "        return T\n",
    "\n",
    "    \n",
    "    T1 = get_normalization_matrix(points1)\n",
    "    T2 = get_normalization_matrix(points2)\n",
    "    #print (T1)\n",
    "    #print (T2)\n",
    "    \n",
    "    points1_norm = np.dot(T1, points1.T).T\n",
    "    points2_norm = np.dot(T2, points2.T).T    \n",
    "    #print (\"Points1.norm\\n\", points1_norm)\n",
    "    #print (\"Points2.norm\\n\", points2_norm)\n",
    "\n",
    "    F_norm = lls_eight_point_alg(points1_norm, points2_norm)    \n",
    "    F = np.dot(np.dot(T1.T, F_norm), T2)\n",
    "    return F\n"
   ]
  },
  {
   "cell_type": "markdown",
   "metadata": {},
   "source": [
    "### (c) Fill out the method plot_epipolar_lines_on_images()"
   ]
  },
  {
   "cell_type": "code",
   "execution_count": 7,
   "metadata": {},
   "outputs": [
    {
     "name": "stdout",
     "output_type": "stream",
     "text": [
      "------------------------------------\n",
      "Set:data/set1\n",
      "------------------------------------\n",
      "('U\\n', array([[-0.27808232,  0.15012842,  0.14305594, ..., -0.37125967,\n",
      "        -0.13536338, -0.00920273],\n",
      "       [-0.12863399,  0.14897678, -0.03798333, ..., -0.26159877,\n",
      "         0.38207017, -0.00603401],\n",
      "       [-0.11234502,  0.27178396,  0.07149538, ..., -0.20041975,\n",
      "        -0.30953303, -0.13269763],\n",
      "       ..., \n",
      "       [-0.20783663,  0.22317811,  0.09294671, ...,  0.52194277,\n",
      "         0.09290214,  0.04993753],\n",
      "       [-0.14299034, -0.29769141, -0.16877907, ...,  0.04269245,\n",
      "         0.6157417 ,  0.02560315],\n",
      "       [-0.11551563,  0.09106939, -0.06714465, ..., -0.00439411,\n",
      "        -0.03951465,  0.94113161]]))\n",
      "('s\\n', array([  1.22020415e+06,   2.43648335e+05,   7.65231931e+04,\n",
      "         5.86216627e+04,   4.42039604e+02,   1.20107882e+02,\n",
      "         7.21372036e+01,   5.05394469e+00,   2.04895962e-01]))\n",
      "('V\\n', array([[ -4.20932285e-01,  -4.05280159e-01,  -1.25042980e-03,\n",
      "         -5.64650508e-01,  -5.82859342e-01,  -1.68086739e-03,\n",
      "         -1.47007905e-03,  -1.49810322e-03,  -4.54848657e-06],\n",
      "       [  7.13365044e-01,   2.48828121e-01,   2.09556228e-03,\n",
      "         -3.51167118e-02,  -6.54182411e-01,  -6.06386121e-04,\n",
      "          1.05754355e-03,  -1.09174527e-03,   2.62607476e-06],\n",
      "       [  9.17932510e-02,  -7.16106462e-01,  -2.55423640e-03,\n",
      "          6.59995400e-01,  -2.07713733e-01,  -2.63515983e-03,\n",
      "         -5.90294860e-04,  -3.57696094e-03,  -1.34375935e-05],\n",
      "       [  5.52685494e-01,  -5.10897970e-01,   4.77316785e-03,\n",
      "         -4.94283480e-01,   4.34909395e-01,   1.34363932e-03,\n",
      "          5.24677822e-03,   2.74802817e-03,   2.76426595e-05],\n",
      "       [ -5.16326167e-03,  -8.68012592e-04,   3.89396393e-01,\n",
      "          4.84238510e-03,  -5.32968353e-03,   3.96470583e-01,\n",
      "          6.00369564e-01,   5.75020351e-01,   3.20012863e-03],\n",
      "       [ -3.05932015e-03,   4.23298534e-04,   8.99680181e-01,\n",
      "          1.52201938e-03,   2.99650862e-04,  -2.13452411e-01,\n",
      "         -8.77124275e-02,  -3.70546639e-01,   1.84774730e-03],\n",
      "       [ -1.74607091e-03,   2.49441371e-03,  -1.92659540e-01,\n",
      "         -7.03626392e-04,   8.29159523e-04,  -3.73262966e-01,\n",
      "          7.93390762e-01,  -4.40541804e-01,   7.90031967e-04],\n",
      "       [ -4.12193388e-05,  -4.50402471e-04,  -4.21977303e-02,\n",
      "         -5.23536510e-04,  -2.66250337e-05,   8.10994370e-01,\n",
      "          4.85859525e-02,  -5.81220143e-01,  -1.81536356e-02],\n",
      "       [  4.97580721e-06,  -6.14958449e-06,  -3.52311839e-03,\n",
      "         -7.20203069e-06,  -3.82896719e-07,   1.41453887e-02,\n",
      "         -1.50440291e-03,  -1.13607604e-02,   9.99828068e-01]]))\n",
      "('F_cap\\n', array([[  4.97580721e-06,  -6.14958449e-06,  -3.52311839e-03],\n",
      "       [ -7.20203069e-06,  -3.82896719e-07,   1.41453887e-02],\n",
      "       [ -1.50440291e-03,  -1.13607604e-02,   9.99828068e-01]]))\n",
      "('Fundamental Matrix from LLS  8-point algorithm:\\n', array([[  1.55218081e-06,  -5.86997052e-06,  -3.52312036e-03],\n",
      "       [ -8.18161523e-06,  -3.02892219e-07,   1.41453881e-02],\n",
      "       [ -1.50440111e-03,  -1.13607605e-02,   9.99828068e-01]]))\n",
      "('U\\n', array([[-0.07345072,  0.39647119,  0.20540487, ..., -0.31490867,\n",
      "        -0.26081956,  0.03279724],\n",
      "       [-0.02807501, -0.02322441,  0.01878076, ..., -0.13964632,\n",
      "        -0.40059758, -0.04444594],\n",
      "       [-0.09537385, -0.0812542 , -0.01313158, ..., -0.33794919,\n",
      "         0.13907046, -0.08877384],\n",
      "       ..., \n",
      "       [-0.0089727 ,  0.16701884,  0.09267457, ...,  0.6068121 ,\n",
      "         0.05247709,  0.02488353],\n",
      "       [-0.03420734,  0.07263694, -0.36765679, ...,  0.0908989 ,\n",
      "         0.55421948,  0.00638606],\n",
      "       [-0.02991893, -0.03040106,  0.01895909, ..., -0.00940944,\n",
      "         0.03752977,  0.93798939]]))\n",
      "('s\\n', array([ 24.12602323,  12.29364773,  10.32167625,   5.87811139,\n",
      "         4.85434787,   3.74731849,   2.85073404,   1.9701542 ,   0.05989012]))\n",
      "('V\\n', array([[-0.00896092,  0.08975002, -0.00905034, -0.26604338, -0.90723232,\n",
      "         0.19212941,  0.02829312,  0.20681032, -0.13209256],\n",
      "       [ 0.29447595,  0.0507194 ,  0.13092419,  0.48186896,  0.0607388 ,\n",
      "         0.55336023,  0.32072467,  0.45504276,  0.20383239],\n",
      "       [ 0.10927308,  0.72813807,  0.40523999,  0.25564533, -0.11574587,\n",
      "        -0.17261066,  0.16177358, -0.38924033, -0.08619795],\n",
      "       [-0.58556924, -0.15278203,  0.17251376,  0.13705206,  0.09184987,\n",
      "         0.15962594,  0.3737432 ,  0.01867591, -0.64130526],\n",
      "       [ 0.1949362 ,  0.14764988,  0.23472196, -0.77225381,  0.30027358,\n",
      "         0.17177491,  0.40522426,  0.06908594,  0.00886751],\n",
      "       [ 0.13849693,  0.50412881, -0.54962347, -0.03701674,  0.21320453,\n",
      "         0.10480273, -0.24230935,  0.28084472, -0.47873707],\n",
      "       [ 0.69896518, -0.39592342,  0.16635666,  0.07710882, -0.04960029,\n",
      "        -0.09967448, -0.02451   , -0.1537055 , -0.5333392 ],\n",
      "       [-0.11241272,  0.04439007,  0.60121037, -0.08761363,  0.11541779,\n",
      "         0.2490462 , -0.7011396 ,  0.20342673, -0.08909763],\n",
      "       [ 0.0010996 , -0.03424756, -0.20612544, -0.03895277, -0.00222643,\n",
      "         0.6993959 , -0.12394558, -0.67056269,  0.02538655]]))\n",
      "('F_cap\\n', array([[ 0.0010996 , -0.03424756, -0.20612544],\n",
      "       [-0.03895277, -0.00222643,  0.6993959 ],\n",
      "       [-0.12394558, -0.67056269,  0.02538655]]))\n",
      "(\"p'^T F p =\", 2.0587804813856785)\n",
      "('Fundamental Matrix from normalized 8-point algorithm:\\n', array([[  7.69564303e-07,  -5.78773950e-06,  -1.01011620e-03],\n",
      "       [ -6.28660670e-06,  -4.01132413e-07,   1.04176782e-02],\n",
      "       [  1.04182564e-04,  -7.58583623e-03,   1.72255185e-01]]))\n",
      "------------------------------------\n",
      "Set:data/set2\n",
      "------------------------------------\n",
      "('U\\n', array([[-0.04045515,  0.22596879,  0.28273103, ..., -0.0078114 ,\n",
      "        -0.00620525,  0.02640966],\n",
      "       [-0.00722392,  0.03321226,  0.0445166 , ...,  0.11783192,\n",
      "         0.08261835,  0.09003185],\n",
      "       [-0.02853843,  0.08691515,  0.06928291, ..., -0.11517089,\n",
      "        -0.051012  , -0.14352814],\n",
      "       ..., \n",
      "       [-0.12401265, -0.16351585,  0.05708989, ...,  0.94121302,\n",
      "        -0.04308821, -0.01878035],\n",
      "       [-0.15289293, -0.09133621, -0.0259937 , ..., -0.04576992,\n",
      "         0.94708892, -0.00170099],\n",
      "       [-0.06443142, -0.13973043,  0.12522795, ..., -0.02038427,\n",
      "         0.00568948,  0.89760717]]))\n",
      "('s\\n', array([  1.03557060e+06,   2.17557470e+05,   6.23131946e+04,\n",
      "         4.40347244e+04,   6.47791031e+02,   1.53420440e+02,\n",
      "         4.80764238e+01,   5.55918657e+00,   4.25834464e-01]))\n",
      "('V\\n', array([[ -4.37430093e-01,  -4.70275641e-01,  -1.51528269e-03,\n",
      "         -4.98552106e-01,  -5.82177488e-01,  -1.81629318e-03,\n",
      "         -1.49608684e-03,  -1.75277874e-03,  -5.73533823e-06],\n",
      "       [  6.55401540e-01,   1.99727900e-01,   1.30769744e-03,\n",
      "          8.17486154e-02,  -7.23785126e-01,  -1.71302144e-03,\n",
      "          6.13567307e-04,  -2.19582418e-03,  -4.25030109e-06],\n",
      "       [  3.18341420e-01,   2.85120905e-01,   4.10458470e-03,\n",
      "         -8.62965760e-01,   2.69462960e-01,   3.26675817e-03,\n",
      "          9.18587773e-04,   4.03186378e-03,   2.43481240e-05],\n",
      "       [  5.27017154e-01,  -8.10948892e-01,   3.15058366e-04,\n",
      "          5.81685380e-03,   2.54110397e-01,  -1.43786435e-03,\n",
      "          2.25280448e-03,  -1.28148323e-03,   5.07237976e-06],\n",
      "       [ -2.68965384e-03,  -3.01029024e-03,   4.51452880e-01,\n",
      "          3.63642228e-03,  -4.27741982e-03,   4.48185959e-01,\n",
      "          5.49603391e-01,   5.41471438e-01,   4.07707801e-03],\n",
      "       [ -2.84440873e-03,   1.82128398e-03,   5.61027135e-01,\n",
      "         -9.42242119e-04,   1.90858734e-03,  -4.37949077e-01,\n",
      "          4.37641360e-01,  -5.49457195e-01,   2.29427422e-04],\n",
      "       [  2.62399628e-04,   2.24396785e-03,  -6.93607522e-01,\n",
      "         -2.25146202e-03,   3.77679296e-04,  -7.89158283e-02,\n",
      "          7.11584841e-01,  -7.85305966e-02,  -1.22695146e-02],\n",
      "       [ -3.41218041e-05,   3.68847358e-04,   1.45146589e-02,\n",
      "          2.03560050e-04,   3.80436294e-05,  -7.75198789e-01,\n",
      "         -1.82565966e-03,   6.31253541e-01,   1.92773556e-02],\n",
      "       [ -5.34984645e-06,  -2.76077646e-05,   1.07623601e-02,\n",
      "          2.76955259e-05,  -6.63869037e-06,  -1.22519236e-02,\n",
      "         -6.42650351e-03,   1.52182037e-02,  -9.99730547e-01]]))\n",
      "('F_cap\\n', array([[ -5.34984645e-06,  -2.76077646e-05,   1.07623601e-02],\n",
      "       [  2.76955259e-05,  -6.63869037e-06,  -1.22519236e-02],\n",
      "       [ -6.42650351e-03,   1.52182037e-02,  -9.99730547e-01]]))\n",
      "('Fundamental Matrix from LLS  8-point algorithm:\\n', array([[ -5.63087200e-06,  -2.77622828e-05,   1.07623595e-02],\n",
      "       [  2.74976583e-05,  -6.74748522e-06,  -1.22519240e-02],\n",
      "       [ -6.42650411e-03,   1.52182033e-02,  -9.99730547e-01]]))\n",
      "('U\\n', array([[-0.29204046,  0.45718274, -0.27397138, ...,  0.00798489,\n",
      "         0.0237243 ,  0.08367555],\n",
      "       [-0.57965361,  0.33670564, -0.01566944, ...,  0.07866282,\n",
      "         0.03157998,  0.06974767],\n",
      "       [-0.29766591,  0.29120002, -0.07275743, ..., -0.0733596 ,\n",
      "        -0.01414695, -0.18308711],\n",
      "       ..., \n",
      "       [-0.009588  , -0.00256342,  0.06479344, ...,  0.94265866,\n",
      "        -0.04316173, -0.01487553],\n",
      "       [-0.02351353, -0.03631748, -0.02300098, ..., -0.04702885,\n",
      "         0.94448319,  0.00850317],\n",
      "       [-0.07044482, -0.00319395,  0.28375539, ..., -0.00668317,\n",
      "         0.01076903,  0.89462394]]))\n",
      "('s\\n', array([ 22.02612214,  15.3218169 ,  10.90591718,   9.10424631,\n",
      "         7.35217938,   4.53257279,   1.84598191,   1.33384415,   0.070056  ]))\n",
      "('V\\n', array([[-0.43630786, -0.24758221, -0.04500724, -0.4471817 , -0.70264046,\n",
      "         0.06304362, -0.03323206,  0.095869  , -0.19587758],\n",
      "       [-0.42875465, -0.16946541, -0.31363671, -0.24896689,  0.44564453,\n",
      "        -0.41601576, -0.31795956, -0.38840126, -0.05896134],\n",
      "       [ 0.54612004, -0.01803906, -0.46933088, -0.01279998, -0.32923475,\n",
      "        -0.12285828, -0.57142115, -0.01282323,  0.17554465],\n",
      "       [ 0.27938205, -0.62290751,  0.06147282, -0.48282129,  0.32962168,\n",
      "         0.21223002,  0.08391227,  0.26665299,  0.25534191],\n",
      "       [ 0.37098467,  0.02636777,  0.48938364, -0.32163567, -0.18913479,\n",
      "        -0.40316801,  0.17221979, -0.53891925,  0.01786717],\n",
      "       [ 0.28903934, -0.11721042,  0.04202168, -0.01997184,  0.15021773,\n",
      "         0.07180046, -0.1406043 ,  0.06139547, -0.92157129],\n",
      "       [ 0.11859578, -0.37700231, -0.51455764,  0.27855246, -0.13176751,\n",
      "        -0.20063366,  0.63687665, -0.17343919, -0.09018696],\n",
      "       [ 0.11939673,  0.60372279, -0.39617792, -0.56837425,  0.12225634,\n",
      "         0.06075957,  0.32782804,  0.1054812 , -0.06341252],\n",
      "       [-0.00309215,  0.02449216,  0.11210394,  0.01657256,  0.00217766,\n",
      "        -0.74241182,  0.04149244,  0.65823593, -0.01929788]]))\n",
      "('F_cap\\n', array([[-0.00309215,  0.02449216,  0.11210394],\n",
      "       [ 0.01657256,  0.00217766, -0.74241182],\n",
      "       [ 0.04149244,  0.65823593, -0.01929788]]))\n",
      "(\"p'^T F p =\", 1.0636768977974929)\n",
      "('Fundamental Matrix from normalized 8-point algorithm:\\n', array([[ -1.76258641e-07,   4.23387000e-06,   2.75815126e-04],\n",
      "       [  2.93495132e-06,   3.75025436e-07,  -9.94284870e-03],\n",
      "       [ -1.82141740e-04,   8.18992840e-03,  -2.94298661e-03]]))\n"
     ]
    }
   ],
   "source": [
    "'''\n",
    "PLOT_EPIPOLAR_LINES_ON_IMAGES given a pair of images and corresponding points,\n",
    "draws the epipolar lines on the images\n",
    "Arguments:\n",
    "    points1 - N points in the first image that match with points2\n",
    "    points2 - N points in the second image that match with points1\n",
    "    im1 - a HxW(xC) matrix that contains pixel values from the first image \n",
    "    im2 - a HxW(xC) matrix that contains pixel values from the second image \n",
    "    F - the fundamental matrix such that (points2)^T * F * points1 = 0\n",
    "\n",
    "    Both points1 and points2 are from the get_data_from_txt_file() method\n",
    "Returns:\n",
    "    Nothing; instead, plots the two images with the matching points and\n",
    "    their corresponding epipolar lines. See Figure 1 within the problem set\n",
    "    handout for an example\n",
    "'''\n",
    "def plot_epipolar_lines_on_images(points1, points2, im1, im2, F):\n",
    "    # TODO: Implement this method!\n",
    "    raise Exception('Not Implemented Error')\n",
    "\n",
    "\n",
    "\n",
    "for im_set in ['data/set1', 'data/set2']:\n",
    "    print ('------------------------------------')\n",
    "    print ('Set:%s' % im_set)\n",
    "    print ('------------------------------------')\n",
    "\n",
    "    # Read in the data\n",
    "    im1 = imread(im_set+'/image1.jpg')\n",
    "    im2 = imread(im_set+'/image2.jpg')\n",
    "    points1 = get_data_from_txt_file(im_set+'/pt_2D_1.txt')\n",
    "    points2 = get_data_from_txt_file(im_set+'/pt_2D_2.txt')\n",
    "    assert (points1.shape == points2.shape)\n",
    "\n",
    "    # Running the linear least squares eight point algorithm\n",
    "    F_lls = lls_eight_point_alg(points1, points2)\n",
    "    print (\"Fundamental Matrix from LLS  8-point algorithm:\\n\", F_lls)\n",
    "    #print (\"Distance to lines in image 1 for LLS:\", \\\n",
    "    #    compute_distance_to_epipolar_lines(points1, points2, F_lls))\n",
    "    #print (\"Distance to lines in image 2 for LLS:\", \\\n",
    "    #    compute_distance_to_epipolar_lines(points2, points1, F_lls.T))\n",
    "\n",
    "    # Running the normalized eight point algorithm\n",
    "    F_normalized = normalized_eight_point_alg(points1, points2)\n",
    "    #F_normalized = F_lls\n",
    "\n",
    "    pFp = [points2[i].dot(F_normalized.dot(points1[i])) \n",
    "        for i in xrange(points1.shape[0])]\n",
    "    print (\"p'^T F p =\", np.abs(pFp).max())\n",
    "    print (\"Fundamental Matrix from normalized 8-point algorithm:\\n\", \\\n",
    "        F_normalized)\n",
    "    "
   ]
  },
  {
   "cell_type": "markdown",
   "metadata": {},
   "source": [
    "### (d) Determine epipolar lines"
   ]
  },
  {
   "cell_type": "code",
   "execution_count": 66,
   "metadata": {
    "collapsed": true
   },
   "outputs": [],
   "source": [
    "'''\n",
    "LLS_EIGHT_POINT_ALG  computes the fundamental matrix from matching points using \n",
    "linear least squares eight point algorithm\n",
    "Arguments:\n",
    "    points1 - N points in the first image that match with points2\n",
    "    points2 - N points in the second image that match with points1\n",
    "\n",
    "    Both points1 and points2 are from the get_data_from_txt_file() method\n",
    "Returns:\n",
    "    F - the fundamental matrix such that (points2)^T * F * points1 = 0\n",
    "Please see lecture notes and slides to see how the linear least squares eight\n",
    "point algorithm works\n",
    "'''\n",
    "def lls_eight_point_alg(points1, points2):    \n",
    "    def get_w_row_from_two_points(point1, point2):\n",
    "        return np.array([\n",
    "            point1[0]*point2[0],\n",
    "            point1[0]*point2[1],\n",
    "            point1[0],\n",
    "            point1[1]*point2[0],\n",
    "            point1[1]*point2[1],\n",
    "            point1[1],\n",
    "            point2[0],\n",
    "            point2[1],\n",
    "            1\n",
    "        ])\n",
    "\n",
    "    W = np.zeros((points1.shape[0], 9))\n",
    "    \n",
    "    for idx in range(0, points1.shape[0]):\n",
    "        W[idx, :] = get_w_row_from_two_points(points1[idx], points2[idx])\n",
    "    \n",
    "    # print (\"W\\n\", W)\n",
    "    \n",
    "    U, s, V  = np.linalg.svd(W)\n",
    "    \n",
    "    #print (V.shape)\n",
    "    print (\"U:\\n\", U)\n",
    "    print (\"s:\\n\", s)\n",
    "    print (\"V:\\n\", V)\n",
    "    \n",
    "    # The last row of V is the solution of W*f=0 under the constraint of ||f|| = 1\n",
    "    #print (V[8, :])\n",
    "    F_cap = np.reshape(V[8, :], (3,3))\n",
    "    #print (\"F_cap\\n\", F_cap)\n",
    "    \n",
    "    # Now enforce rank-2:\n",
    "    U, s, V = np.linalg.svd(F_cap)\n",
    "    F = np.zeros_like(F_cap)\n",
    "    for i in range(0, 2):\n",
    "        F =  F + s[i] * np.outer(U[:,i], V[i, :])\n",
    "    \n",
    "    return F\n"
   ]
  },
  {
   "cell_type": "code",
   "execution_count": 6,
   "metadata": {
    "collapsed": true
   },
   "outputs": [],
   "source": [
    "'''\n",
    "COMPUTE_DISTANCE_TO_EPIPOLAR_LINES  computes the average distance of a set a \n",
    "points to their corresponding epipolar lines\n",
    "Arguments:\n",
    "    points1 - N points in the first image that match with points2\n",
    "    points2 - N points in the second image that match with points1\n",
    "    F - the fundamental matrix such that (points2)^T * F * points1 = 0\n",
    "\n",
    "    Both points1 and points2 are from the get_data_from_txt_file() method\n",
    "Returns:\n",
    "    average_distance - the average distance of each point to the epipolar line\n",
    "'''\n",
    "def compute_distance_to_epipolar_lines(points1, points2, F):\n",
    "    # TODO: Implement this method!\n",
    "    raise Exception('Not Implemented Error')\n",
    "\n"
   ]
  },
  {
   "cell_type": "code",
   "execution_count": 7,
   "metadata": {},
   "outputs": [
    {
     "name": "stdout",
     "output_type": "stream",
     "text": [
      "------------------------------------\n",
      "Set:data/set1\n",
      "------------------------------------\n",
      "[[ 395.  473.    1.]\n",
      " [ 301.  278.    1.]\n",
      " [ 336.  219.    1.]\n",
      " [ 208.  260.    1.]\n",
      " [ 208.  225.    1.]\n",
      " [ 206.  323.    1.]\n",
      " [ 265.  236.    1.]\n",
      " [ 262.  335.    1.]\n",
      " [ 262.  301.    1.]\n",
      " [ 320.   35.    1.]\n",
      " [ 321.  403.    1.]\n",
      " [  99.  424.    1.]\n",
      " [ 372.  443.    1.]\n",
      " [ 331.  438.    1.]\n",
      " [ 322.  413.    1.]\n",
      " [ 182.  188.    1.]\n",
      " [ 244.  296.    1.]\n",
      " [ 296.  499.    1.]\n",
      " [ 344.  485.    1.]\n",
      " [ 346.  461.    1.]\n",
      " [ 111.  460.    1.]\n",
      " [ 174.  410.    1.]\n",
      " [ 261.   41.    1.]\n",
      " [ 259.   54.    1.]\n",
      " [ 315.  392.    1.]\n",
      " [ 299.  342.    1.]\n",
      " [ 303.  243.    1.]\n",
      " [ 246.  232.    1.]\n",
      " [ 245.  266.    1.]\n",
      " [ 243.  330.    1.]\n",
      " [ 171.  373.    1.]\n",
      " [ 190.  362.    1.]\n",
      " [ 300.  307.    1.]\n",
      " [ 207.  289.    1.]\n",
      " [ 378.  377.    1.]\n",
      " [ 130.  381.    1.]\n",
      " [ 264.  270.    1.]]\n",
      "[[ 423.        358.          1.      ]\n",
      " [ 306.        247.          1.      ]\n",
      " [ 333.        185.          1.      ]\n",
      " [ 233.894287  261.928345    1.      ]\n",
      " [ 234.        228.5         1.      ]\n",
      " [ 232.719757  325.812714    1.      ]\n",
      " [ 280.881195  221.052612    1.      ]\n",
      " [ 279.474823  313.185333    1.      ]\n",
      " [ 278.836487  282.893768    1.      ]\n",
      " [ 177.         25.          1.      ]\n",
      " [ 331.        346.          1.      ]\n",
      " [ 294.        453.          1.      ]\n",
      " [ 382.        351.          1.      ]\n",
      " [ 375.        363.          1.      ]\n",
      " [ 332.        354.          1.      ]\n",
      " [ 214.        201.          1.      ]\n",
      " [ 264.        285.          1.      ]\n",
      " [ 445.        402.          1.      ]\n",
      " [ 432.        380.          1.      ]\n",
      " [ 406.454346  368.82663     1.      ]\n",
      " [ 355.        461.          1.      ]\n",
      " [ 291.        408.          1.      ]\n",
      " [ 280.         38.          1.      ]\n",
      " [ 280.         51.          1.      ]\n",
      " [ 315.        342.          1.      ]\n",
      " [ 306.        305.          1.      ]\n",
      " [ 308.        216.          1.      ]\n",
      " [ 264.546631  223.295013    1.      ]\n",
      " [ 264.654572  255.373993    1.      ]\n",
      " [ 261.628693  318.256165    1.      ]\n",
      " [ 214.        393.          1.      ]\n",
      " [ 217.        373.          1.      ]\n",
      " [ 306.        274.          1.      ]\n",
      " [ 233.668701  292.833252    1.      ]\n",
      " [ 387.        294.          1.      ]\n",
      " [ 223.        416.          1.      ]\n",
      " [ 281.        253.          1.      ]]\n"
     ]
    },
    {
     "ename": "Exception",
     "evalue": "Not Implemented Error",
     "output_type": "error",
     "traceback": [
      "\u001b[0;31m---------------------------------------------------------------------------\u001b[0m",
      "\u001b[0;31mException\u001b[0m                                 Traceback (most recent call last)",
      "\u001b[0;32m<ipython-input-7-6b6789c14b7a>\u001b[0m in \u001b[0;36m<module>\u001b[0;34m()\u001b[0m\n\u001b[1;32m     13\u001b[0m \u001b[0;34m\u001b[0m\u001b[0m\n\u001b[1;32m     14\u001b[0m     \u001b[0;31m# Running the linear least squares eight point algorithm\u001b[0m\u001b[0;34m\u001b[0m\u001b[0;34m\u001b[0m\u001b[0m\n\u001b[0;32m---> 15\u001b[0;31m     \u001b[0mF_lls\u001b[0m \u001b[0;34m=\u001b[0m \u001b[0mlls_eight_point_alg\u001b[0m\u001b[0;34m(\u001b[0m\u001b[0mpoints1\u001b[0m\u001b[0;34m,\u001b[0m \u001b[0mpoints2\u001b[0m\u001b[0;34m)\u001b[0m\u001b[0;34m\u001b[0m\u001b[0m\n\u001b[0m\u001b[1;32m     16\u001b[0m     \u001b[0;32mprint\u001b[0m \u001b[0;34m(\u001b[0m\u001b[0;34m\"Fundamental Matrix from LLS  8-point algorithm:\\n\"\u001b[0m\u001b[0;34m,\u001b[0m \u001b[0mF_lls\u001b[0m\u001b[0;34m)\u001b[0m\u001b[0;34m\u001b[0m\u001b[0m\n\u001b[1;32m     17\u001b[0m     \u001b[0;32mprint\u001b[0m \u001b[0;34m(\u001b[0m\u001b[0;34m\"Distance to lines in image 1 for LLS:\"\u001b[0m\u001b[0;34m,\u001b[0m         \u001b[0mcompute_distance_to_epipolar_lines\u001b[0m\u001b[0;34m(\u001b[0m\u001b[0mpoints1\u001b[0m\u001b[0;34m,\u001b[0m \u001b[0mpoints2\u001b[0m\u001b[0;34m,\u001b[0m \u001b[0mF_lls\u001b[0m\u001b[0;34m)\u001b[0m\u001b[0;34m)\u001b[0m\u001b[0;34m\u001b[0m\u001b[0m\n",
      "\u001b[0;32m<ipython-input-3-12305d062473>\u001b[0m in \u001b[0;36mlls_eight_point_alg\u001b[0;34m(points1, points2)\u001b[0m\n\u001b[1;32m     16\u001b[0m     \u001b[0;32mprint\u001b[0m \u001b[0;34m(\u001b[0m\u001b[0mpoints1\u001b[0m\u001b[0;34m)\u001b[0m\u001b[0;34m\u001b[0m\u001b[0m\n\u001b[1;32m     17\u001b[0m     \u001b[0;32mprint\u001b[0m \u001b[0;34m(\u001b[0m\u001b[0mpoints2\u001b[0m\u001b[0;34m)\u001b[0m\u001b[0;34m\u001b[0m\u001b[0m\n\u001b[0;32m---> 18\u001b[0;31m     \u001b[0;32mraise\u001b[0m \u001b[0mException\u001b[0m\u001b[0;34m(\u001b[0m\u001b[0;34m'Not Implemented Error'\u001b[0m\u001b[0;34m)\u001b[0m\u001b[0;34m\u001b[0m\u001b[0m\n\u001b[0m\u001b[1;32m     19\u001b[0m \u001b[0;34m\u001b[0m\u001b[0m\n",
      "\u001b[0;31mException\u001b[0m: Not Implemented Error"
     ]
    }
   ],
   "source": [
    "\n",
    "for im_set in ['data/set1', 'data/set2']:\n",
    "    print ('------------------------------------')\n",
    "    print ('Set:%s' % im_set)\n",
    "    print ('------------------------------------')\n",
    "\n",
    "    # Read in the data\n",
    "    im1 = imread(im_set+'/image1.jpg')\n",
    "    im2 = imread(im_set+'/image2.jpg')\n",
    "    points1 = get_data_from_txt_file(im_set+'/pt_2D_1.txt')\n",
    "    points2 = get_data_from_txt_file(im_set+'/pt_2D_2.txt')\n",
    "    assert (points1.shape == points2.shape)\n",
    "\n",
    "    # Running the linear least squares eight point algorithm\n",
    "    F_lls = lls_eight_point_alg(points1, points2)\n",
    "    print (\"Fundamental Matrix from LLS  8-point algorithm:\\n\", F_lls)\n",
    "    print (\"Distance to lines in image 1 for LLS:\", \\\n",
    "        compute_distance_to_epipolar_lines(points1, points2, F_lls))\n",
    "    print (\"Distance to lines in image 2 for LLS:\", \\\n",
    "        compute_distance_to_epipolar_lines(points2, points1, F_lls.T))\n",
    "\n",
    "    # Running the normalized eight point algorithm\n",
    "    F_normalized = normalized_eight_point_alg(points1, points2)\n",
    "\n",
    "    pFp = [points2[i].dot(F_normalized.dot(points1[i])) \n",
    "        for i in xrange(points1.shape[0])]\n",
    "    print (\"p'^T F p =\", np.abs(pFp).max())\n",
    "    print (\"Fundamental Matrix from normalized 8-point algorithm:\\n\", \\\n",
    "        F_normalized)\n",
    "    print (\"Distance to lines in image 1 for normalized:\", \\\n",
    "        compute_distance_to_epipolar_lines(points1, points2, F_normalized))\n",
    "    print (\"Distance to lines in image 2 for normalized:\", \\\n",
    "        compute_distance_to_epipolar_lines(points2, points1, F_normalized.T))\n",
    "\n",
    "    # Plotting the epipolar lines\n",
    "    plot_epipolar_lines_on_images(points1, points2, im1, im2, F_lls)\n",
    "    plot_epipolar_lines_on_images(points1, points2, im1, im2, F_normalized)\n",
    "\n",
    "    plt.show()\n"
   ]
  },
  {
   "cell_type": "code",
   "execution_count": null,
   "metadata": {
    "collapsed": true
   },
   "outputs": [],
   "source": []
  }
 ],
 "metadata": {
  "kernelspec": {
   "display_name": "Python 2",
   "language": "python",
   "name": "python2"
  },
  "language_info": {
   "codemirror_mode": {
    "name": "ipython",
    "version": 2
   },
   "file_extension": ".py",
   "mimetype": "text/x-python",
   "name": "python",
   "nbconvert_exporter": "python",
   "pygments_lexer": "ipython2",
   "version": "2.7.12+"
  }
 },
 "nbformat": 4,
 "nbformat_minor": 2
}
